Column1,City1,City2,City3,City4,City5,City6,City7,City8,City9,City10,City11,City12,City13,City14,City15,City16,City17,City18,City19,City20,City21,City22,City23,City24,City25,City26,City27,City28,City29,City30,City31,City32,City33,City34,City35,City36,City37,City38,City39,City40,City41,City42,City43,City44,City45,City46,City47,City48,City49,City50,City51,City52,City53,City54,City55,City56,City57,City58,City59,City60,City61,City62,City63,City64,City65,City66,City67,City68,City69,City70,City71,City72,City73,City74,City75,City76,City77,City78,City79,City80,City81,City82,City83,City84,City85,City86,City87,City88,City89,City90,City91,City92,City93,City94,City95,City96,City97,City98,City99,City100,City101,City102,City103,City104,City105,City106,City107,City108,City109,City110,City111,City112,City113,City114,City115,City116,City117,City118,City119,City120,City121,City122,City123,City124,City125,City126,City127,City128,City129,City130,City131,City132,City133,City134,City135,City136,City137,City138,City139,City140,City141,City142,City143,City144,City145,City146,City147,City148,City149,City150,City151,City152,City153,City154,City155,City156,City157,City158,City159,City160,City161,City162,City163,City164,City165,City166,City167,City168,City169,City170,City171,City172,City173,City174,City175,City176,City177,City178,City179,City180,City181,City182,City183,City184,City185,City186,City187,City188,City189,City190,City191,City192,City193,City194,City195,City196,City197,City198,City199,City200,City201,City202,City203,City204,City205,City206,City207,City208,City209,City210,City211,City212,City213,City214,City215,City216,City217,City218,City219,City220,City221,City222,City223,City224,City225,City226,City227,City228,City229,City230,City231,City232,City233,City234,City235,City236,City237,City238,City239,City240,City241,City242,City243,City244,City245,City246,City247,City248,City249,City250
City1,0.0,457.0,387.0,327.0,523.0,462.0,486.0,393.0,377.0,149.0,367.0,499.0,459.0,239.0,392.0,280.0,561.0,307.0,229.0,409.0,450.0,305.0,496.0,543.0,406.0,560.0,306.0,318.0,97.0,405.0,242.0,239.0,190.0,535.0,408.0,536.0,508.0,207.0,508.0,316.0,403.0,135.0,155.0,428.0,354.0,526.0,251.0,126.0,529.0,272.0,58.0,300.0,180.0,343.0,180.0,66.0,267.0,471.0,10.0,418.0,335.0,239.0,221.0,114.0,76.0,165.0,302.0,336.0,254.0,246.0,420.0,203.0,499.0,171.0,546.0,460.0,428.0,356.0,323.0,89.0,307.0,598.0,470.0,294.0,264.0,358.0,136.0,356.0,534.0,380.0,180.0,398.0,188.0,275.0,375.0,141.0,122.0,462.0,506.0,277.0,422.0,418.0,276.0,196.0,84.0,94.0,411.0,309.0,362.0,129.0,105.0,354.0,405.0,486.0,405.0,572.0,57.0,238.0,67.0,74.0,137.0,350.0,262.0,494.0,311.0,310.0,294.0,315.0,90.0,458.0,607.0,246.0,255.0,335.0,134.0,298.0,219.0,358.0,165.0,448.0,616.0,499.0,229.0,297.0,345.0,231.0,222.0,87.0,134.0,295.0,366.0,500.0,474.0,260.0,131.0,313.0,319.0,231.0,277.0,338.0,324.0,379.0,502.0,273.0,198.0,431.0,235.0,18.0,247.0,527.0,410.0,165.0,308.0,345.0,324.0,414.0,332.0,37.0,219.0,226.0,432.0,108.0,281.0,503.0,638.0,480.0,197.0,212.0,316.0,258.0,96.0,322.0,175.0,288.0,304.0,225.0,416.0,348.0,275.0,483.0,428.0,401.0,422.0,355.0,294.0,98.0,111.0,379.0,625.0,259.0,405.0,171.0,167.0,437.0,314.0,134.0,520.0,502.0,234.0,309.0,231.0,136.0,287.0,138.0,124.0,317.0,393.0,427.0,211.0,496.0,527.0,468.0,236.0,318.0,469.0,464.0,139.0,152.0,225.0,243.0,368.0,435.0,330.0,436.0,359.0,304.0,71.0,465.0,381.0,390.0
City2,457.0,0.0,258.0,183.0,110.0,408.0,527.0,94.0,321.0,428.0,201.0,328.0,83.0,524.0,574.0,312.0,315.0,404.0,325.0,306.0,404.0,463.0,226.0,291.0,217.0,156.0,555.0,255.0,244.0,82.0,452.0,417.0,275.0,133.0,473.0,421.0,300.0,350.0,50.0,234.0,174.0,190.0,207.0,285.0,190.0,517.0,426.0,276.0,277.0,381.0,232.0,240.0,344.0,379.0,550.0,466.0,159.0,345.0,320.0,112.0,305.0,293.0,169.0,560.0,326.0,410.0,124.0,354.0,196.0,389.0,614.0,184.0,384.0,545.0,440.0,344.0,176.0,337.0,352.0,348.0,309.0,520.0,272.0,380.0,332.0,388.0,382.0,96.0,322.0,482.0,427.0,380.0,345.0,417.0,537.0,313.0,216.0,406.0,352.0,496.0,283.0,262.0,199.0,242.0,440.0,231.0,106.0,189.0,259.0,257.0,356.0,391.0,234.0,371.0,328.0,240.0,320.0,282.0,545.0,435.0,329.0,290.0,38.0,409.0,238.0,247.0,201.0,173.0,464.0,223.0,331.0,223.0,534.0,497.0,360.0,464.0,364.0,406.0,427.0,539.0,409.0,408.0,216.0,231.0,348.0,432.0,123.0,351.0,178.0,520.0,326.0,257.0,331.0,158.0,511.0,322.0,279.0,426.0,327.0,566.0,434.0,483.0,339.0,408.0,204.0,60.0,256.0,429.0,237.0,218.0,565.0,366.0,427.0,348.0,381.0,289.0,396.0,551.0,289.0,418.0,350.0,483.0,103.0,618.0,306.0,126.0,109.0,342.0,101.0,435.0,350.0,286.0,592.0,526.0,397.0,283.0,204.0,268.0,567.0,238.0,173.0,364.0,189.0,264.0,385.0,355.0,259.0,148.0,607.0,468.0,174.0,548.0,413.0,433.0,106.0,309.0,427.0,539.0,371.0,305.0,496.0,322.0,252.0,595.0,276.0,139.0,401.0,333.0,396.0,244.0,242.0,308.0,79.0,459.0,505.0,498.0,134.0,317.0,230.0,176.0,402.0,561.0,293.0,386.0,361.0,172.0,147.0,270.0,551.0,498.0
City3,387.0,258.0,0.0,415.0,253.0,588.0,461.0,182.0,71.0,185.0,409.0,327.0,195.0,513.0,491.0,334.0,21.0,439.0,454.0,397.0,314.0,618.0,413.0,156.0,124.0,460.0,267.0,320.0,349.0,305.0,387.0,293.0,92.0,568.0,299.0,373.0,307.0,201.0,361.0,438.0,573.0,409.0,518.0,369.0,209.0,466.0,411.0,421.0,442.0,406.0,61.0,191.0,422.0,291.0,310.0,534.0,290.0,400.0,41.0,420.0,284.0,572.0,331.0,366.0,220.0,323.0,106.0,403.0,238.0,299.0,313.0,281.0,415.0,209.0,553.0,405.0,194.0,503.0,217.0,202.0,383.0,320.0,541.0,220.0,458.0,379.0,428.0,327.0,389.0,128.0,285.0,425.0,323.0,313.0,282.0,130.0,409.0,289.0,214.0,240.0,415.0,318.0,432.0,263.0,175.0,407.0,410.0,594.0,245.0,156.0,540.0,349.0,426.0,485.0,72.0,372.0,279.0,315.0,343.0,346.0,538.0,237.0,373.0,149.0,426.0,349.0,268.0,29.0,275.0,319.0,384.0,465.0,444.0,198.0,267.0,355.0,287.0,350.0,235.0,90.0,509.0,275.0,138.0,216.0,269.0,240.0,204.0,404.0,180.0,526.0,242.0,309.0,325.0,260.0,371.0,333.0,333.0,309.0,298.0,146.0,363.0,282.0,253.0,335.0,450.0,528.0,262.0,354.0,355.0,224.0,320.0,457.0,269.0,184.0,191.0,208.0,266.0,390.0,248.0,453.0,392.0,425.0,296.0,437.0,154.0,372.0,410.0,240.0,379.0,230.0,146.0,288.0,160.0,410.0,535.0,533.0,529.0,199.0,521.0,476.0,364.0,351.0,453.0,588.0,371.0,126.0,395.0,540.0,361.0,537.0,300.0,210.0,500.0,328.0,511.0,321.0,350.0,178.0,380.0,484.0,319.0,352.0,195.0,35.0,325.0,291.0,105.0,456.0,205.0,387.0,291.0,288.0,463.0,638.0,450.0,571.0,442.0,549.0,111.0,359.0,136.0,339.0,299.0,313.0,357.0,223.0,176.0,235.0,297.0,398.0
City4,327.0,183.0,415.0,0.0,530.0,455.0,568.0,517.0,441.0,635.0,307.0,347.0,578.0,473.0,233.0,337.0,54.0,318.0,314.0,47.0,535.0,243.0,311.0,363.0,588.0,241.0,368.0,123.0,303.0,335.0,130.0,416.0,278.0,306.0,530.0,97.0,125.0,329.0,327.0,278.0,282.0,288.0,292.0,481.0,187.0,421.0,161.0,624.0,235.0,274.0,124.0,8.0,302.0,321.0,214.0,276.0,396.0,318.0,276.0,271.0,351.0,74.0,201.0,406.0,473.0,287.0,354.0,352.0,307.0,409.0,470.0,407.0,377.0,308.0,258.0,413.0,338.0,448.0,548.0,423.0,318.0,361.0,172.0,261.0,373.0,555.0,397.0,532.0,443.0,379.0,102.0,210.0,172.0,160.0,284.0,245.0,241.0,507.0,172.0,143.0,316.0,541.0,157.0,220.0,262.0,193.0,185.0,176.0,455.0,301.0,450.0,175.0,336.0,474.0,358.0,268.0,372.0,147.0,537.0,268.0,439.0,206.0,313.0,146.0,453.0,398.0,274.0,435.0,322.0,314.0,462.0,182.0,96.0,269.0,381.0,249.0,416.0,250.0,475.0,406.0,275.0,223.0,109.0,442.0,114.0,465.0,499.0,381.0,119.0,230.0,268.0,305.0,298.0,540.0,601.0,548.0,411.0,88.0,309.0,315.0,327.0,423.0,349.0,471.0,501.0,170.0,253.0,267.0,305.0,511.0,205.0,93.0,350.0,298.0,306.0,204.0,291.0,397.0,182.0,433.0,214.0,280.0,195.0,417.0,268.0,280.0,475.0,110.0,366.0,344.0,437.0,314.0,147.0,301.0,488.0,188.0,329.0,347.0,406.0,263.0,600.0,345.0,535.0,417.0,460.0,132.0,164.0,367.0,580.0,306.0,120.0,447.0,215.0,469.0,316.0,296.0,346.0,245.0,341.0,260.0,434.0,562.0,377.0,327.0,265.0,55.0,36.0,338.0,96.0,475.0,454.0,353.0,403.0,173.0,495.0,486.0,242.0,132.0,296.0,416.0,286.0,232.0,192.0,393.0,482.0,556.0,70.0,410.0,120.0,244.0
City5,523.0,110.0,253.0,530.0,0.0,320.0,380.0,179.0,192.0,263.0,434.0,512.0,93.0,180.0,375.0,296.0,507.0,437.0,491.0,281.0,346.0,228.0,267.0,128.0,495.0,595.0,206.0,155.0,242.0,388.0,406.0,319.0,424.0,353.0,437.0,455.0,200.0,124.0,517.0,482.0,292.0,61.0,286.0,331.0,235.0,146.0,485.0,134.0,98.0,156.0,348.0,331.0,415.0,186.0,286.0,490.0,443.0,493.0,490.0,351.0,370.0,348.0,108.0,346.0,413.0,402.0,35.0,359.0,276.0,140.0,207.0,475.0,53.0,398.0,373.0,327.0,209.0,245.0,338.0,160.0,330.0,348.0,347.0,346.0,578.0,246.0,259.0,233.0,308.0,507.0,118.0,460.0,356.0,426.0,210.0,406.0,164.0,162.0,348.0,358.0,295.0,353.0,198.0,70.0,346.0,450.0,271.0,358.0,119.0,393.0,124.0,244.0,425.0,51.0,49.0,472.0,415.0,500.0,33.0,373.0,193.0,162.0,355.0,229.0,183.0,537.0,132.0,183.0,155.0,253.0,456.0,132.0,540.0,175.0,226.0,431.0,166.0,313.0,519.0,338.0,423.0,241.0,369.0,394.0,321.0,129.0,391.0,371.0,312.0,312.0,127.0,312.0,150.0,373.0,570.0,219.0,381.0,557.0,393.0,366.0,268.0,244.0,367.0,295.0,394.0,417.0,286.0,312.0,512.0,382.0,312.0,379.0,333.0,414.0,159.0,451.0,414.0,288.0,438.0,301.0,302.0,497.0,512.0,434.0,289.0,396.0,249.0,514.0,410.0,351.0,235.0,258.0,507.0,335.0,436.0,535.0,360.0,170.0,235.0,267.0,274.0,279.0,456.0,172.0,460.0,389.0,139.0,416.0,201.0,329.0,73.0,492.0,266.0,174.0,331.0,294.0,118.0,307.0,370.0,392.0,400.0,380.0,215.0,357.0,470.0,593.0,360.0,356.0,258.0,292.0,65.0,338.0,331.0,455.0,329.0,497.0,381.0,388.0,567.0,497.0,470.0,370.0,494.0,284.0,429.0,297.0,166.0,537.0,165.0,430.0
City6,462.0,408.0,588.0,455.0,320.0,0.0,370.0,107.0,485.0,359.0,78.0,202.0,555.0,266.0,130.0,45.0,465.0,432.0,150.0,53.0,499.0,427.0,65.0,372.0,395.0,369.0,166.0,147.0,442.0,338.0,276.0,320.0,286.0,330.0,299.0,319.0,187.0,245.0,462.0,218.0,450.0,281.0,533.0,340.0,260.0,538.0,292.0,557.0,222.0,216.0,246.0,449.0,367.0,375.0,550.0,366.0,536.0,273.0,486.0,410.0,137.0,112.0,365.0,117.0,232.0,455.0,259.0,302.0,483.0,369.0,206.0,299.0,266.0,70.0,112.0,484.0,257.0,463.0,324.0,502.0,375.0,269.0,248.0,88.0,338.0,470.0,568.0,521.0,501.0,532.0,106.0,343.0,46.0,381.0,312.0,366.0,320.0,475.0,355.0,274.0,187.0,474.0,306.0,86.0,358.0,295.0,521.0,365.0,324.0,153.0,415.0,363.0,128.0,488.0,228.0,220.0,232.0,348.0,407.0,174.0,383.0,294.0,176.0,366.0,91.0,100.0,462.0,344.0,286.0,251.0,114.0,358.0,350.0,156.0,527.0,352.0,269.0,218.0,477.0,354.0,367.0,388.0,400.0,432.0,520.0,188.0,183.0,447.0,347.0,459.0,98.0,243.0,332.0,374.0,489.0,202.0,531.0,155.0,393.0,544.0,427.0,503.0,154.0,56.0,443.0,119.0,21.0,303.0,295.0,186.0,416.0,411.0,282.0,123.0,585.0,337.0,325.0,237.0,455.0,288.0,208.0,27.0,559.0,184.0,84.0,335.0,39.0,528.0,211.0,146.0,307.0,389.0,412.0,294.0,322.0,567.0,243.0,290.0,326.0,294.0,201.0,448.0,130.0,452.0,380.0,435.0,141.0,267.0,345.0,451.0,248.0,458.0,535.0,258.0,91.0,441.0,247.0,466.0,375.0,343.0,551.0,216.0,335.0,301.0,379.0,416.0,498.0,344.0,326.0,501.0,207.0,539.0,274.0,216.0,251.0,492.0,350.0,225.0,457.0,311.0,371.0,220.0,567.0,343.0,387.0,519.0,423.0,559.0,389.0,100.0
City7,486.0,527.0,461.0,568.0,380.0,370.0,0.0,189.0,203.0,357.0,395.0,253.0,234.0,496.0,252.0,382.0,601.0,228.0,409.0,221.0,451.0,376.0,499.0,181.0,437.0,312.0,197.0,295.0,358.0,275.0,305.0,252.0,340.0,530.0,413.0,445.0,131.0,260.0,291.0,326.0,400.0,141.0,263.0,311.0,291.0,328.0,496.0,583.0,493.0,368.0,326.0,337.0,383.0,421.0,287.0,402.0,177.0,59.0,105.0,406.0,144.0,378.0,567.0,363.0,245.0,280.0,290.0,149.0,472.0,482.0,268.0,579.0,259.0,164.0,253.0,430.0,210.0,345.0,365.0,471.0,177.0,354.0,324.0,275.0,183.0,169.0,67.0,281.0,518.0,295.0,457.0,71.0,390.0,352.0,263.0,256.0,332.0,389.0,262.0,402.0,247.0,375.0,341.0,535.0,565.0,175.0,98.0,408.0,433.0,95.0,420.0,277.0,230.0,539.0,200.0,389.0,338.0,344.0,189.0,319.0,341.0,238.0,93.0,464.0,141.0,341.0,186.0,154.0,557.0,253.0,263.0,328.0,246.0,267.0,499.0,396.0,365.0,385.0,378.0,386.0,435.0,255.0,515.0,308.0,426.0,225.0,349.0,56.0,316.0,126.0,274.0,167.0,391.0,236.0,607.0,219.0,466.0,302.0,311.0,205.0,398.0,116.0,269.0,174.0,293.0,521.0,191.0,288.0,101.0,446.0,312.0,45.0,175.0,363.0,384.0,382.0,489.0,251.0,205.0,224.0,62.0,298.0,413.0,312.0,396.0,315.0,421.0,371.0,311.0,335.0,201.0,176.0,171.0,481.0,407.0,397.0,434.0,341.0,450.0,276.0,115.0,256.0,338.0,288.0,95.0,515.0,113.0,322.0,263.0,467.0,404.0,237.0,84.0,181.0,274.0,340.0,283.0,424.0,357.0,336.0,390.0,149.0,239.0,207.0,480.0,111.0,52.0,538.0,384.0,325.0,398.0,487.0,222.0,225.0,203.0,393.0,414.0,127.0,528.0,364.0,395.0,251.0,392.0,321.0,371.0,156.0,345.0,289.0,353.0,232.0
City8,393.0,94.0,182.0,517.0,179.0,107.0,189.0,0.0,249.0,427.0,408.0,385.0,529.0,447.0,547.0,353.0,340.0,291.0,72.0,552.0,247.0,37.0,329.0,328.0,199.0,474.0,266.0,65.0,38.0,222.0,408.0,297.0,538.0,290.0,204.0,341.0,310.0,388.0,106.0,307.0,132.0,385.0,221.0,146.0,521.0,400.0,286.0,274.0,185.0,365.0,335.0,240.0,179.0,253.0,304.0,466.0,420.0,241.0,208.0,314.0,272.0,378.0,297.0,373.0,275.0,341.0,293.0,494.0,217.0,290.0,185.0,258.0,189.0,428.0,148.0,146.0,238.0,195.0,427.0,530.0,314.0,182.0,160.0,369.0,292.0,372.0,339.0,186.0,100.0,220.0,430.0,279.0,265.0,300.0,324.0,321.0,272.0,265.0,408.0,548.0,242.0,372.0,261.0,373.0,428.0,45.0,588.0,533.0,218.0,200.0,283.0,560.0,352.0,405.0,363.0,335.0,148.0,281.0,137.0,126.0,233.0,165.0,279.0,97.0,265.0,539.0,413.0,453.0,596.0,380.0,623.0,259.0,300.0,173.0,52.0,205.0,447.0,323.0,409.0,475.0,313.0,231.0,476.0,366.0,82.0,575.0,285.0,313.0,450.0,284.0,367.0,366.0,391.0,305.0,375.0,338.0,114.0,438.0,256.0,92.0,205.0,386.0,322.0,348.0,58.0,417.0,588.0,449.0,228.0,323.0,399.0,611.0,227.0,407.0,113.0,261.0,601.0,533.0,188.0,332.0,164.0,221.0,263.0,229.0,543.0,107.0,306.0,418.0,316.0,388.0,279.0,149.0,246.0,291.0,295.0,396.0,310.0,330.0,393.0,258.0,395.0,637.0,332.0,418.0,586.0,221.0,294.0,174.0,474.0,323.0,601.0,264.0,58.0,399.0,269.0,375.0,330.0,261.0,340.0,212.0,348.0,599.0,252.0,486.0,513.0,369.0,280.0,310.0,551.0,273.0,117.0,462.0,332.0,492.0,250.0,425.0,615.0,442.0,243.0,368.0,554.0,383.0,189.0,308.0,497.0,396.0,439.0,185.0,172.0,386.0
City9,377.0,321.0,71.0,441.0,192.0,485.0,203.0,249.0,0.0,411.0,393.0,389.0,181.0,463.0,644.0,260.0,289.0,65.0,467.0,253.0,112.0,495.0,386.0,208.0,355.0,451.0,541.0,454.0,604.0,308.0,385.0,342.0,144.0,211.0,170.0,101.0,194.0,270.0,184.0,396.0,146.0,240.0,441.0,353.0,398.0,241.0,175.0,196.0,579.0,260.0,465.0,221.0,443.0,338.0,99.0,149.0,261.0,385.0,188.0,517.0,339.0,215.0,554.0,305.0,607.0,196.0,209.0,516.0,441.0,307.0,82.0,197.0,420.0,347.0,212.0,144.0,477.0,260.0,473.0,392.0,428.0,320.0,75.0,608.0,453.0,350.0,600.0,306.0,550.0,261.0,307.0,371.0,449.0,532.0,192.0,437.0,209.0,599.0,438.0,444.0,129.0,396.0,126.0,293.0,372.0,391.0,133.0,335.0,246.0,134.0,620.0,189.0,445.0,517.0,340.0,299.0,345.0,502.0,302.0,416.0,438.0,212.0,456.0,515.0,575.0,485.0,196.0,225.0,142.0,374.0,290.0,370.0,273.0,241.0,380.0,376.0,460.0,58.0,58.0,208.0,369.0,168.0,375.0,276.0,480.0,348.0,268.0,427.0,395.0,345.0,312.0,132.0,499.0,462.0,147.0,532.0,93.0,173.0,277.0,609.0,129.0,262.0,483.0,129.0,394.0,237.0,289.0,334.0,258.0,379.0,525.0,268.0,474.0,388.0,459.0,306.0,65.0,411.0,149.0,463.0,381.0,120.0,520.0,524.0,580.0,186.0,93.0,280.0,430.0,181.0,216.0,322.0,373.0,224.0,605.0,341.0,321.0,215.0,117.0,477.0,239.0,421.0,154.0,455.0,166.0,461.0,462.0,354.0,405.0,65.0,152.0,336.0,155.0,249.0,337.0,460.0,483.0,269.0,322.0,350.0,195.0,60.0,318.0,202.0,332.0,134.0,385.0,183.0,505.0,276.0,72.0,281.0,329.0,339.0,245.0,80.0,198.0,521.0,312.0,276.0,251.0,483.0,330.0,478.0,358.0,221.0,297.0,523.0,313.0,292.0
City10,149.0,428.0,185.0,635.0,263.0,359.0,357.0,427.0,411.0,0.0,566.0,110.0,313.0,545.0,413.0,384.0,246.0,286.0,382.0,287.0,577.0,291.0,98.0,310.0,327.0,318.0,392.0,493.0,438.0,479.0,261.0,181.0,316.0,247.0,314.0,145.0,193.0,156.0,343.0,324.0,309.0,454.0,337.0,363.0,318.0,198.0,382.0,297.0,480.0,299.0,331.0,264.0,273.0,245.0,297.0,433.0,357.0,501.0,362.0,301.0,161.0,569.0,339.0,300.0,293.0,429.0,437.0,349.0,324.0,313.0,72.0,285.0,357.0,262.0,155.0,350.0,339.0,632.0,478.0,415.0,440.0,322.0,244.0,535.0,356.0,506.0,328.0,383.0,305.0,388.0,550.0,126.0,392.0,475.0,265.0,51.0,454.0,451.0,258.0,429.0,190.0,297.0,90.0,427.0,494.0,332.0,313.0,143.0,593.0,248.0,104.0,580.0,69.0,94.0,530.0,389.0,544.0,269.0,474.0,477.0,209.0,484.0,164.0,366.0,220.0,110.0,266.0,283.0,177.0,288.0,437.0,79.0,382.0,248.0,376.0,179.0,187.0,603.0,311.0,194.0,391.0,306.0,273.0,315.0,136.0,375.0,268.0,238.0,446.0,153.0,511.0,138.0,407.0,293.0,446.0,262.0,348.0,311.0,356.0,356.0,321.0,253.0,389.0,310.0,471.0,203.0,537.0,541.0,192.0,324.0,316.0,410.0,350.0,355.0,77.0,248.0,317.0,183.0,203.0,300.0,574.0,394.0,423.0,584.0,405.0,362.0,366.0,434.0,398.0,135.0,278.0,380.0,95.0,440.0,380.0,452.0,163.0,96.0,361.0,289.0,346.0,224.0,369.0,411.0,376.0,449.0,306.0,169.0,365.0,393.0,277.0,432.0,302.0,493.0,246.0,318.0,491.0,560.0,125.0,222.0,397.0,376.0,282.0,305.0,436.0,342.0,271.0,314.0,523.0,586.0,445.0,282.0,574.0,322.0,16.0,121.0,545.0,274.0,361.0,501.0,517.0,448.0,574.0,354.0,470.0,493.0,443.0,218.0,190.0,100.0
City11,367.0,201.0,409.0,307.0,434.0,78.0,395.0,408.0,393.0,566.0,0.0,283.0,385.0,248.0,313.0,479.0,494.0,628.0,469.0,235.0,268.0,318.0,193.0,375.0,378.0,212.0,150.0,275.0,288.0,395.0,481.0,347.0,292.0,64.0,467.0,228.0,260.0,520.0,527.0,500.0,382.0,557.0,251.0,357.0,236.0,33.0,250.0,604.0,527.0,473.0,453.0,173.0,334.0,390.0,313.0,172.0,252.0,113.0,360.0,464.0,292.0,441.0,547.0,169.0,520.0,140.0,554.0,146.0,295.0,141.0,378.0,510.0,162.0,409.0,214.0,247.0,421.0,483.0,444.0,215.0,291.0,332.0,319.0,385.0,319.0,374.0,398.0,504.0,561.0,258.0,520.0,571.0,164.0,464.0,418.0,577.0,458.0,328.0,122.0,287.0,312.0,206.0,274.0,380.0,309.0,307.0,535.0,475.0,265.0,376.0,70.0,338.0,298.0,473.0,197.0,253.0,220.0,512.0,274.0,197.0,200.0,199.0,255.0,558.0,446.0,303.0,538.0,276.0,399.0,441.0,534.0,367.0,221.0,228.0,245.0,176.0,469.0,158.0,160.0,116.0,126.0,16.0,333.0,33.0,297.0,190.0,448.0,403.0,441.0,314.0,224.0,327.0,300.0,211.0,149.0,366.0,299.0,345.0,386.0,295.0,528.0,449.0,340.0,272.0,536.0,495.0,238.0,360.0,551.0,344.0,256.0,174.0,147.0,360.0,293.0,403.0,249.0,469.0,418.0,378.0,331.0,622.0,301.0,231.0,504.0,231.0,346.0,385.0,520.0,333.0,112.0,495.0,321.0,301.0,210.0,318.0,140.0,468.0,220.0,179.0,406.0,385.0,379.0,521.0,260.0,507.0,183.0,318.0,337.0,480.0,150.0,379.0,393.0,572.0,369.0,224.0,407.0,384.0,163.0,325.0,354.0,241.0,537.0,285.0,506.0,560.0,236.0,499.0,246.0,344.0,363.0,134.0,194.0,430.0,397.0,490.0,373.0,309.0,252.0,269.0,485.0,419.0,221.0,366.0,294.0,331.0,340.0,360.0,262.0,371.0
City12,499.0,328.0,327.0,347.0,512.0,202.0,253.0,385.0,389.0,110.0,283.0,0.0,582.0,241.0,185.0,340.0,349.0,310.0,180.0,485.0,563.0,351.0,380.0,290.0,464.0,342.0,483.0,193.0,330.0,159.0,106.0,243.0,518.0,168.0,196.0,431.0,340.0,296.0,230.0,108.0,313.0,209.0,495.0,186.0,168.0,378.0,132.0,578.0,409.0,464.0,445.0,510.0,43.0,531.0,219.0,352.0,205.0,451.0,286.0,238.0,350.0,175.0,403.0,308.0,397.0,570.0,257.0,477.0,403.0,281.0,437.0,335.0,512.0,448.0,258.0,519.0,364.0,229.0,143.0,388.0,182.0,321.0,574.0,408.0,256.0,353.0,424.0,395.0,354.0,128.0,322.0,421.0,256.0,163.0,375.0,280.0,272.0,361.0,327.0,305.0,248.0,464.0,47.0,353.0,317.0,263.0,340.0,209.0,283.0,206.0,178.0,170.0,199.0,318.0,414.0,454.0,35.0,584.0,234.0,195.0,187.0,378.0,91.0,215.0,281.0,300.0,358.0,140.0,69.0,256.0,364.0,182.0,380.0,320.0,160.0,443.0,231.0,382.0,381.0,352.0,101.0,357.0,482.0,206.0,44.0,304.0,78.0,111.0,273.0,378.0,204.0,372.0,374.0,303.0,471.0,328.0,264.0,134.0,276.0,326.0,106.0,446.0,461.0,462.0,303.0,303.0,439.0,441.0,509.0,330.0,330.0,409.0,147.0,319.0,235.0,98.0,199.0,496.0,229.0,376.0,144.0,280.0,469.0,121.0,519.0,498.0,333.0,336.0,236.0,80.0,439.0,501.0,472.0,166.0,271.0,207.0,423.0,316.0,117.0,138.0,255.0,267.0,526.0,338.0,176.0,539.0,461.0,313.0,338.0,178.0,244.0,460.0,357.0,330.0,176.0,340.0,298.0,399.0,399.0,430.0,294.0,292.0,438.0,175.0,408.0,119.0,349.0,101.0,420.0,78.0,301.0,340.0,211.0,342.0,298.0,110.0,325.0,468.0,207.0,399.0,222.0,388.0,181.0,463.0,48.0,289.0,302.0,446.0,270.0,395.0
City13,459.0,83.0,195.0,578.0,93.0,555.0,234.0,529.0,181.0,313.0,385.0,582.0,0.0,201.0,296.0,533.0,262.0,417.0,227.0,524.0,89.0,38.0,467.0,277.0,257.0,491.0,111.0,372.0,393.0,141.0,167.0,300.0,171.0,558.0,167.0,389.0,390.0,447.0,535.0,295.0,132.0,476.0,542.0,416.0,544.0,290.0,515.0,361.0,469.0,395.0,346.0,377.0,219.0,462.0,441.0,48.0,538.0,243.0,243.0,625.0,372.0,518.0,456.0,315.0,277.0,316.0,444.0,175.0,171.0,494.0,32.0,534.0,224.0,467.0,193.0,360.0,341.0,306.0,491.0,502.0,306.0,540.0,259.0,518.0,434.0,235.0,105.0,282.0,333.0,141.0,330.0,197.0,484.0,314.0,410.0,117.0,277.0,380.0,552.0,354.0,155.0,314.0,421.0,335.0,161.0,359.0,141.0,151.0,268.0,559.0,209.0,330.0,572.0,444.0,342.0,569.0,312.0,202.0,57.0,187.0,210.0,156.0,197.0,204.0,230.0,340.0,144.0,458.0,386.0,410.0,481.0,391.0,71.0,513.0,511.0,273.0,296.0,313.0,559.0,340.0,354.0,368.0,179.0,370.0,402.0,443.0,441.0,259.0,228.0,311.0,253.0,324.0,247.0,467.0,382.0,357.0,267.0,363.0,550.0,261.0,259.0,361.0,419.0,320.0,367.0,462.0,181.0,378.0,552.0,412.0,129.0,329.0,312.0,462.0,369.0,350.0,345.0,307.0,421.0,476.0,165.0,126.0,506.0,34.0,326.0,521.0,83.0,353.0,402.0,353.0,441.0,286.0,489.0,281.0,196.0,564.0,556.0,256.0,140.0,460.0,471.0,244.0,289.0,266.0,403.0,606.0,417.0,364.0,425.0,297.0,422.0,374.0,345.0,297.0,388.0,393.0,328.0,183.0,41.0,503.0,136.0,377.0,339.0,439.0,411.0,435.0,281.0,285.0,285.0,182.0,76.0,309.0,332.0,129.0,534.0,305.0,339.0,449.0,150.0,534.0,261.0,361.0,247.0,561.0,242.0,260.0,244.0,177.0,398.0,398.0
City14,239.0,524.0,513.0,473.0,180.0,266.0,496.0,447.0,463.0,545.0,248.0,241.0,201.0,0.0,221.0,416.0,301.0,624.0,247.0,385.0,503.0,411.0,400.0,486.0,466.0,341.0,148.0,610.0,211.0,336.0,501.0,485.0,193.0,231.0,299.0,38.0,270.0,334.0,515.0,357.0,353.0,353.0,229.0,372.0,461.0,433.0,435.0,344.0,322.0,311.0,290.0,103.0,336.0,375.0,176.0,418.0,437.0,202.0,508.0,46.0,435.0,329.0,230.0,540.0,467.0,250.0,523.0,248.0,425.0,265.0,190.0,387.0,317.0,329.0,319.0,481.0,178.0,433.0,70.0,465.0,293.0,513.0,246.0,265.0,303.0,129.0,305.0,334.0,300.0,122.0,329.0,387.0,266.0,82.0,459.0,219.0,321.0,589.0,273.0,308.0,345.0,69.0,342.0,316.0,415.0,142.0,376.0,379.0,153.0,435.0,158.0,146.0,308.0,327.0,312.0,500.0,325.0,505.0,149.0,256.0,341.0,289.0,393.0,306.0,604.0,176.0,254.0,134.0,522.0,584.0,299.0,331.0,580.0,206.0,305.0,188.0,282.0,375.0,366.0,139.0,610.0,413.0,401.0,121.0,460.0,327.0,515.0,234.0,230.0,615.0,391.0,207.0,109.0,249.0,284.0,92.0,188.0,417.0,264.0,345.0,234.0,234.0,87.0,216.0,451.0,357.0,524.0,234.0,268.0,145.0,285.0,214.0,338.0,219.0,477.0,370.0,244.0,425.0,405.0,396.0,182.0,384.0,484.0,372.0,494.0,522.0,296.0,360.0,392.0,21.0,244.0,180.0,482.0,262.0,167.0,327.0,72.0,450.0,340.0,275.0,30.0,308.0,355.0,302.0,471.0,243.0,386.0,571.0,486.0,307.0,499.0,516.0,431.0,258.0,343.0,439.0,259.0,265.0,436.0,511.0,406.0,293.0,334.0,376.0,450.0,411.0,86.0,457.0,285.0,324.0,293.0,334.0,455.0,625.0,183.0,189.0,359.0,461.0,360.0,314.0,77.0,566.0,361.0,267.0,435.0,71.0,442.0,222.0,255.0,14.0
City15,392.0,574.0,491.0,233.0,375.0,130.0,252.0,547.0,644.0,413.0,313.0,185.0,296.0,221.0,0.0,277.0,307.0,258.0,246.0,376.0,537.0,496.0,207.0,206.0,286.0,182.0,297.0,275.0,229.0,307.0,169.0,189.0,416.0,404.0,361.0,260.0,508.0,517.0,182.0,300.0,285.0,161.0,101.0,194.0,267.0,421.0,460.0,385.0,367.0,382.0,212.0,178.0,438.0,366.0,537.0,76.0,385.0,203.0,178.0,459.0,84.0,277.0,433.0,204.0,379.0,465.0,532.0,448.0,451.0,377.0,563.0,495.0,496.0,502.0,483.0,178.0,500.0,393.0,487.0,479.0,397.0,542.0,329.0,260.0,195.0,414.0,514.0,170.0,236.0,324.0,572.0,417.0,313.0,513.0,443.0,365.0,314.0,365.0,403.0,274.0,292.0,171.0,287.0,183.0,575.0,243.0,305.0,380.0,449.0,414.0,427.0,314.0,173.0,386.0,505.0,426.0,177.0,256.0,510.0,466.0,236.0,340.0,436.0,269.0,605.0,377.0,357.0,47.0,458.0,159.0,403.0,505.0,535.0,569.0,448.0,297.0,310.0,334.0,367.0,364.0,169.0,237.0,247.0,204.0,250.0,476.0,428.0,314.0,424.0,443.0,133.0,457.0,89.0,183.0,379.0,324.0,488.0,443.0,414.0,372.0,81.0,464.0,467.0,386.0,221.0,413.0,464.0,326.0,352.0,464.0,292.0,277.0,332.0,470.0,369.0,311.0,157.0,230.0,494.0,112.0,552.0,58.0,412.0,395.0,188.0,364.0,289.0,468.0,463.0,391.0,332.0,345.0,578.0,285.0,282.0,289.0,445.0,400.0,352.0,304.0,265.0,132.0,172.0,357.0,458.0,286.0,160.0,586.0,471.0,69.0,356.0,598.0,535.0,446.0,321.0,288.0,589.0,442.0,382.0,329.0,286.0,561.0,333.0,148.0,481.0,386.0,151.0,111.0,425.0,585.0,190.0,278.0,143.0,378.0,545.0,412.0,579.0,100.0,276.0,369.0,298.0,391.0,341.0,297.0,187.0,13.0,604.0,88.0,602.0,333.0
City16,280.0,312.0,334.0,337.0,296.0,45.0,382.0,353.0,260.0,384.0,479.0,340.0,533.0,416.0,277.0,0.0,265.0,414.0,399.0,419.0,384.0,533.0,298.0,299.0,355.0,483.0,531.0,69.0,274.0,224.0,104.0,555.0,571.0,125.0,494.0,235.0,553.0,99.0,272.0,109.0,294.0,279.0,526.0,398.0,520.0,373.0,349.0,460.0,520.0,170.0,132.0,387.0,261.0,264.0,391.0,394.0,67.0,404.0,239.0,390.0,359.0,212.0,373.0,249.0,256.0,475.0,296.0,286.0,353.0,114.0,441.0,353.0,211.0,384.0,389.0,407.0,492.0,378.0,240.0,452.0,490.0,512.0,556.0,253.0,552.0,305.0,353.0,463.0,415.0,403.0,394.0,381.0,506.0,132.0,332.0,250.0,314.0,598.0,205.0,275.0,211.0,305.0,225.0,242.0,283.0,328.0,412.0,409.0,459.0,232.0,400.0,430.0,267.0,196.0,364.0,319.0,351.0,329.0,223.0,237.0,187.0,119.0,303.0,549.0,339.0,187.0,384.0,188.0,408.0,570.0,167.0,373.0,375.0,313.0,378.0,543.0,476.0,307.0,271.0,487.0,84.0,456.0,598.0,351.0,32.0,266.0,525.0,408.0,294.0,484.0,144.0,248.0,505.0,393.0,437.0,210.0,302.0,459.0,162.0,59.0,400.0,515.0,373.0,319.0,158.0,377.0,524.0,392.0,111.0,242.0,628.0,545.0,311.0,349.0,461.0,123.0,327.0,536.0,352.0,248.0,390.0,546.0,582.0,398.0,168.0,136.0,350.0,210.0,130.0,387.0,386.0,252.0,358.0,344.0,130.0,362.0,99.0,310.0,251.0,453.0,350.0,549.0,566.0,277.0,441.0,357.0,243.0,276.0,349.0,205.0,366.0,334.0,53.0,336.0,319.0,349.0,313.0,523.0,453.0,266.0,263.0,316.0,367.0,86.0,155.0,90.0,339.0,485.0,563.0,155.0,409.0,209.0,179.0,298.0,425.0,527.0,198.0,525.0,450.0,305.0,393.0,293.0,184.0,108.0,417.0,205.0,277.0,549.0,60.0,359.0
City17,561.0,315.0,21.0,54.0,507.0,465.0,601.0,340.0,289.0,246.0,494.0,349.0,262.0,301.0,307.0,265.0,0.0,409.0,323.0,324.0,265.0,443.0,317.0,130.0,267.0,278.0,472.0,236.0,179.0,352.0,400.0,372.0,177.0,45.0,355.0,294.0,265.0,285.0,436.0,457.0,171.0,512.0,481.0,279.0,272.0,504.0,332.0,352.0,495.0,551.0,487.0,194.0,464.0,407.0,375.0,306.0,188.0,430.0,119.0,375.0,352.0,189.0,260.0,221.0,521.0,291.0,302.0,304.0,286.0,170.0,420.0,96.0,323.0,129.0,136.0,141.0,456.0,520.0,448.0,87.0,259.0,157.0,224.0,105.0,137.0,506.0,493.0,417.0,274.0,373.0,80.0,289.0,486.0,261.0,440.0,590.0,388.0,325.0,105.0,327.0,146.0,583.0,335.0,549.0,280.0,282.0,160.0,263.0,89.0,455.0,141.0,67.0,454.0,151.0,361.0,488.0,497.0,63.0,242.0,214.0,341.0,410.0,539.0,262.0,462.0,204.0,261.0,225.0,458.0,210.0,421.0,368.0,583.0,556.0,598.0,383.0,396.0,340.0,377.0,469.0,298.0,309.0,116.0,12.0,354.0,501.0,388.0,498.0,448.0,307.0,290.0,123.0,500.0,251.0,314.0,254.0,477.0,417.0,200.0,71.0,631.0,432.0,218.0,492.0,402.0,85.0,85.0,381.0,256.0,502.0,431.0,296.0,204.0,489.0,465.0,252.0,466.0,329.0,64.0,363.0,430.0,624.0,427.0,367.0,211.0,408.0,483.0,464.0,365.0,365.0,353.0,356.0,380.0,136.0,340.0,348.0,196.0,347.0,305.0,300.0,295.0,462.0,392.0,207.0,339.0,445.0,498.0,298.0,561.0,194.0,222.0,447.0,114.0,257.0,411.0,33.0,280.0,306.0,617.0,324.0,296.0,303.0,220.0,278.0,341.0,180.0,321.0,628.0,177.0,324.0,328.0,245.0,246.0,34.0,368.0,189.0,196.0,422.0,401.0,261.0,201.0,416.0,352.0,76.0,583.0,327.0,578.0,408.0,335.0,279.0
City18,307.0,404.0,439.0,318.0,437.0,432.0,228.0,291.0,65.0,286.0,628.0,310.0,417.0,624.0,258.0,414.0,409.0,0.0,157.0,341.0,374.0,216.0,542.0,301.0,370.0,206.0,133.0,515.0,216.0,285.0,256.0,472.0,334.0,119.0,242.0,593.0,463.0,101.0,254.0,206.0,366.0,317.0,272.0,38.0,233.0,448.0,288.0,451.0,371.0,375.0,286.0,310.0,258.0,448.0,344.0,260.0,559.0,208.0,157.0,320.0,411.0,118.0,167.0,429.0,346.0,522.0,329.0,241.0,227.0,145.0,579.0,487.0,375.0,358.0,573.0,230.0,340.0,476.0,343.0,288.0,74.0,201.0,393.0,415.0,256.0,340.0,554.0,359.0,494.0,511.0,509.0,178.0,199.0,541.0,523.0,134.0,401.0,281.0,216.0,246.0,517.0,500.0,122.0,375.0,239.0,298.0,534.0,255.0,395.0,442.0,382.0,419.0,169.0,209.0,185.0,85.0,400.0,51.0,418.0,385.0,344.0,136.0,433.0,290.0,437.0,246.0,109.0,313.0,331.0,164.0,399.0,386.0,163.0,260.0,298.0,89.0,208.0,422.0,230.0,582.0,287.0,240.0,427.0,382.0,526.0,420.0,172.0,568.0,180.0,521.0,151.0,278.0,160.0,465.0,457.0,497.0,161.0,125.0,203.0,400.0,232.0,457.0,150.0,60.0,230.0,457.0,130.0,362.0,483.0,401.0,511.0,395.0,585.0,422.0,210.0,300.0,264.0,300.0,313.0,253.0,518.0,244.0,231.0,115.0,406.0,366.0,158.0,476.0,518.0,303.0,307.0,321.0,588.0,297.0,521.0,143.0,288.0,321.0,375.0,184.0,417.0,226.0,325.0,244.0,345.0,415.0,428.0,343.0,406.0,194.0,378.0,367.0,375.0,203.0,303.0,396.0,421.0,155.0,361.0,342.0,395.0,376.0,241.0,297.0,511.0,270.0,354.0,428.0,204.0,197.0,248.0,323.0,501.0,334.0,390.0,237.0,69.0,350.0,460.0,161.0,465.0,43.0,614.0,113.0,109.0,364.0,371.0,172.0,508.0,178.0
City19,229.0,325.0,454.0,314.0,491.0,150.0,409.0,72.0,467.0,382.0,469.0,180.0,227.0,247.0,246.0,399.0,323.0,157.0,0.0,212.0,247.0,67.0,282.0,242.0,294.0,312.0,505.0,136.0,449.0,141.0,372.0,319.0,34.0,304.0,241.0,142.0,143.0,566.0,372.0,193.0,211.0,206.0,566.0,447.0,509.0,319.0,341.0,140.0,604.0,429.0,238.0,118.0,284.0,343.0,218.0,493.0,452.0,58.0,538.0,547.0,308.0,268.0,37.0,288.0,366.0,265.0,328.0,306.0,286.0,319.0,377.0,383.0,294.0,414.0,359.0,130.0,377.0,497.0,444.0,335.0,53.0,382.0,136.0,434.0,438.0,435.0,64.0,56.0,263.0,386.0,307.0,619.0,128.0,284.0,281.0,270.0,461.0,518.0,411.0,141.0,375.0,386.0,426.0,454.0,340.0,352.0,338.0,180.0,208.0,306.0,323.0,503.0,406.0,133.0,254.0,270.0,148.0,418.0,176.0,382.0,167.0,255.0,382.0,404.0,578.0,244.0,604.0,358.0,314.0,114.0,244.0,265.0,289.0,472.0,391.0,341.0,416.0,192.0,268.0,472.0,563.0,168.0,448.0,407.0,296.0,212.0,348.0,360.0,461.0,323.0,227.0,373.0,570.0,250.0,540.0,299.0,426.0,268.0,326.0,207.0,365.0,455.0,546.0,80.0,458.0,164.0,248.0,190.0,459.0,70.0,381.0,281.0,382.0,453.0,567.0,244.0,230.0,137.0,602.0,94.0,473.0,352.0,155.0,295.0,342.0,468.0,332.0,610.0,320.0,180.0,267.0,318.0,360.0,136.0,265.0,196.0,405.0,320.0,300.0,518.0,379.0,199.0,330.0,370.0,463.0,95.0,283.0,67.0,505.0,453.0,364.0,368.0,248.0,106.0,75.0,340.0,266.0,348.0,506.0,337.0,185.0,414.0,450.0,332.0,263.0,261.0,102.0,445.0,322.0,284.0,144.0,432.0,235.0,289.0,262.0,393.0,436.0,330.0,271.0,104.0,263.0,322.0,88.0,389.0,384.0,603.0,255.0,335.0,538.0,316.0
City20,409.0,306.0,397.0,47.0,281.0,53.0,221.0,552.0,253.0,287.0,235.0,485.0,524.0,385.0,376.0,419.0,324.0,341.0,212.0,0.0,435.0,171.0,144.0,433.0,402.0,391.0,430.0,364.0,262.0,215.0,336.0,70.0,305.0,357.0,270.0,509.0,78.0,384.0,325.0,303.0,64.0,95.0,254.0,541.0,582.0,274.0,455.0,604.0,363.0,378.0,166.0,416.0,380.0,286.0,377.0,508.0,356.0,450.0,259.0,165.0,402.0,375.0,273.0,453.0,541.0,178.0,231.0,250.0,496.0,346.0,328.0,436.0,394.0,537.0,337.0,300.0,237.0,472.0,250.0,295.0,416.0,173.0,287.0,418.0,390.0,385.0,123.0,380.0,198.0,503.0,473.0,414.0,250.0,366.0,294.0,442.0,228.0,104.0,309.0,286.0,556.0,38.0,513.0,561.0,546.0,407.0,144.0,500.0,202.0,257.0,181.0,605.0,527.0,195.0,191.0,524.0,210.0,587.0,306.0,60.0,189.0,137.0,248.0,429.0,392.0,79.0,422.0,244.0,518.0,333.0,310.0,127.0,282.0,244.0,334.0,319.0,316.0,190.0,328.0,195.0,416.0,332.0,361.0,464.0,368.0,331.0,303.0,195.0,526.0,172.0,212.0,322.0,273.0,164.0,294.0,226.0,549.0,431.0,210.0,344.0,353.0,386.0,382.0,427.0,197.0,260.0,201.0,145.0,53.0,476.0,270.0,194.0,513.0,207.0,422.0,166.0,169.0,335.0,322.0,311.0,172.0,376.0,234.0,450.0,334.0,290.0,451.0,307.0,315.0,320.0,465.0,224.0,467.0,220.0,432.0,193.0,151.0,155.0,313.0,271.0,265.0,367.0,308.0,468.0,470.0,410.0,82.0,253.0,298.0,514.0,370.0,48.0,282.0,572.0,333.0,93.0,311.0,366.0,316.0,347.0,261.0,296.0,188.0,404.0,311.0,445.0,341.0,472.0,309.0,262.0,111.0,313.0,494.0,226.0,294.0,574.0,234.0,237.0,206.0,347.0,275.0,341.0,523.0,121.0,325.0,253.0,201.0,199.0,276.0,416.0
City21,450.0,404.0,314.0,535.0,346.0,499.0,451.0,247.0,112.0,577.0,268.0,563.0,89.0,503.0,537.0,384.0,265.0,374.0,247.0,435.0,0.0,400.0,278.0,274.0,414.0,523.0,403.0,445.0,423.0,366.0,289.0,322.0,238.0,437.0,261.0,73.0,181.0,368.0,327.0,433.0,177.0,363.0,404.0,159.0,282.0,281.0,67.0,245.0,348.0,451.0,504.0,379.0,328.0,255.0,301.0,399.0,496.0,633.0,325.0,636.0,141.0,525.0,138.0,180.0,406.0,394.0,226.0,449.0,457.0,175.0,179.0,339.0,305.0,98.0,233.0,166.0,31.0,150.0,253.0,360.0,432.0,220.0,281.0,241.0,548.0,303.0,270.0,390.0,407.0,320.0,256.0,507.0,185.0,97.0,115.0,494.0,354.0,241.0,343.0,261.0,97.0,217.0,504.0,444.0,341.0,458.0,202.0,487.0,468.0,356.0,300.0,348.0,448.0,402.0,348.0,400.0,239.0,294.0,444.0,458.0,256.0,400.0,499.0,179.0,517.0,278.0,299.0,476.0,407.0,492.0,345.0,301.0,367.0,309.0,75.0,316.0,237.0,397.0,431.0,463.0,629.0,140.0,299.0,360.0,314.0,542.0,329.0,315.0,506.0,483.0,438.0,140.0,409.0,388.0,347.0,271.0,365.0,121.0,504.0,186.0,303.0,279.0,587.0,57.0,506.0,286.0,492.0,157.0,226.0,247.0,310.0,334.0,553.0,439.0,335.0,276.0,183.0,342.0,301.0,261.0,343.0,421.0,466.0,400.0,320.0,344.0,549.0,354.0,255.0,591.0,334.0,209.0,224.0,101.0,257.0,529.0,411.0,361.0,86.0,363.0,308.0,517.0,373.0,443.0,306.0,355.0,534.0,209.0,629.0,497.0,286.0,520.0,361.0,452.0,339.0,313.0,304.0,265.0,260.0,392.0,437.0,120.0,461.0,480.0,259.0,417.0,297.0,361.0,558.0,248.0,349.0,245.0,508.0,232.0,218.0,417.0,328.0,113.0,523.0,327.0,506.0,14.0,161.0,261.0,413.0,357.0,102.0,571.0,272.0,478.0
City22,305.0,463.0,618.0,243.0,228.0,427.0,376.0,37.0,495.0,291.0,318.0,351.0,38.0,411.0,496.0,533.0,443.0,216.0,67.0,171.0,400.0,0.0,355.0,638.0,302.0,515.0,187.0,352.0,367.0,365.0,424.0,317.0,382.0,362.0,371.0,242.0,336.0,211.0,463.0,552.0,470.0,392.0,426.0,323.0,159.0,375.0,309.0,107.0,222.0,133.0,235.0,255.0,338.0,96.0,524.0,201.0,340.0,496.0,330.0,167.0,416.0,419.0,396.0,293.0,491.0,221.0,220.0,585.0,119.0,119.0,161.0,333.0,324.0,404.0,551.0,281.0,124.0,289.0,157.0,107.0,464.0,376.0,116.0,387.0,260.0,198.0,615.0,132.0,196.0,551.0,388.0,289.0,421.0,433.0,247.0,312.0,116.0,518.0,169.0,139.0,417.0,332.0,475.0,223.0,352.0,121.0,321.0,489.0,436.0,287.0,484.0,232.0,337.0,199.0,155.0,479.0,384.0,290.0,644.0,344.0,254.0,534.0,264.0,304.0,418.0,331.0,157.0,600.0,155.0,461.0,526.0,356.0,215.0,571.0,322.0,329.0,431.0,592.0,278.0,511.0,249.0,114.0,608.0,473.0,281.0,455.0,355.0,374.0,199.0,276.0,321.0,232.0,317.0,9.0,586.0,417.0,180.0,321.0,474.0,261.0,437.0,258.0,496.0,502.0,433.0,114.0,146.0,606.0,482.0,25.0,371.0,366.0,374.0,467.0,416.0,303.0,300.0,321.0,540.0,169.0,76.0,271.0,230.0,325.0,204.0,231.0,164.0,130.0,182.0,546.0,192.0,398.0,458.0,311.0,81.0,601.0,408.0,359.0,267.0,237.0,82.0,164.0,177.0,356.0,350.0,222.0,413.0,88.0,232.0,145.0,436.0,392.0,588.0,369.0,427.0,276.0,313.0,115.0,297.0,346.0,581.0,322.0,410.0,227.0,299.0,288.0,579.0,315.0,345.0,521.0,336.0,400.0,454.0,395.0,335.0,571.0,523.0,327.0,340.0,149.0,193.0,128.0,468.0,517.0,371.0,241.0,460.0,189.0,308.0,249.0
City23,496.0,226.0,413.0,311.0,267.0,65.0,499.0,329.0,386.0,98.0,193.0,380.0,467.0,400.0,207.0,298.0,317.0,542.0,282.0,144.0,278.0,355.0,0.0,447.0,161.0,450.0,234.0,484.0,199.0,477.0,370.0,225.0,419.0,331.0,509.0,203.0,164.0,345.0,237.0,115.0,324.0,319.0,250.0,362.0,547.0,343.0,561.0,551.0,352.0,503.0,277.0,274.0,521.0,333.0,294.0,310.0,107.0,208.0,336.0,354.0,495.0,481.0,316.0,346.0,192.0,191.0,222.0,292.0,360.0,452.0,185.0,196.0,38.0,271.0,209.0,374.0,584.0,491.0,335.0,318.0,626.0,157.0,370.0,84.0,563.0,308.0,268.0,336.0,143.0,20.0,513.0,244.0,289.0,225.0,471.0,277.0,242.0,234.0,311.0,311.0,361.0,401.0,309.0,327.0,353.0,280.0,283.0,382.0,236.0,476.0,135.0,256.0,54.0,572.0,556.0,380.0,38.0,218.0,351.0,151.0,278.0,364.0,69.0,346.0,380.0,440.0,346.0,486.0,292.0,263.0,357.0,333.0,229.0,340.0,337.0,546.0,120.0,243.0,285.0,173.0,152.0,230.0,475.0,341.0,244.0,359.0,281.0,646.0,283.0,345.0,231.0,239.0,310.0,154.0,247.0,398.0,332.0,258.0,285.0,324.0,264.0,335.0,366.0,210.0,275.0,231.0,343.0,344.0,455.0,550.0,478.0,322.0,222.0,338.0,399.0,196.0,449.0,305.0,336.0,392.0,212.0,350.0,392.0,426.0,358.0,494.0,147.0,355.0,289.0,380.0,459.0,502.0,50.0,222.0,576.0,378.0,226.0,551.0,420.0,118.0,148.0,314.0,251.0,332.0,227.0,237.0,240.0,225.0,557.0,515.0,224.0,577.0,103.0,326.0,446.0,368.0,233.0,208.0,450.0,285.0,510.0,426.0,578.0,338.0,284.0,247.0,424.0,527.0,494.0,561.0,325.0,303.0,479.0,542.0,412.0,243.0,204.0,342.0,409.0,298.0,324.0,200.0,494.0,318.0,607.0,390.0,526.0,498.0,299.0,472.0
City24,543.0,291.0,156.0,363.0,128.0,372.0,181.0,328.0,208.0,310.0,375.0,290.0,277.0,486.0,206.0,299.0,130.0,301.0,242.0,433.0,274.0,638.0,447.0,0.0,402.0,138.0,236.0,255.0,182.0,137.0,236.0,309.0,121.0,115.0,377.0,174.0,184.0,481.0,260.0,124.0,237.0,252.0,286.0,264.0,572.0,441.0,426.0,150.0,412.0,334.0,155.0,224.0,548.0,518.0,364.0,326.0,66.0,244.0,517.0,415.0,367.0,226.0,243.0,325.0,432.0,124.0,378.0,100.0,214.0,224.0,422.0,317.0,249.0,440.0,247.0,274.0,103.0,540.0,365.0,291.0,347.0,339.0,382.0,177.0,105.0,367.0,409.0,455.0,442.0,470.0,520.0,416.0,532.0,392.0,420.0,67.0,374.0,458.0,386.0,65.0,235.0,499.0,344.0,607.0,384.0,114.0,311.0,340.0,324.0,530.0,353.0,102.0,615.0,186.0,176.0,438.0,397.0,195.0,467.0,254.0,90.0,540.0,309.0,332.0,362.0,362.0,299.0,171.0,247.0,512.0,276.0,426.0,397.0,450.0,130.0,166.0,382.0,575.0,465.0,296.0,278.0,244.0,414.0,556.0,333.0,273.0,284.0,413.0,208.0,579.0,67.0,522.0,117.0,295.0,215.0,193.0,145.0,411.0,381.0,298.0,184.0,455.0,240.0,328.0,362.0,339.0,415.0,336.0,284.0,283.0,392.0,466.0,407.0,70.0,494.0,407.0,380.0,285.0,292.0,285.0,472.0,395.0,148.0,401.0,107.0,459.0,58.0,261.0,483.0,245.0,515.0,534.0,402.0,489.0,253.0,356.0,361.0,122.0,264.0,233.0,303.0,306.0,305.0,250.0,434.0,172.0,248.0,342.0,467.0,170.0,362.0,470.0,327.0,295.0,280.0,8.0,586.0,432.0,477.0,452.0,231.0,116.0,559.0,242.0,169.0,194.0,220.0,370.0,568.0,424.0,410.0,597.0,518.0,550.0,229.0,276.0,555.0,335.0,346.0,309.0,520.0,389.0,160.0,461.0,547.0,439.0,151.0,352.0,294.0,112.0
City25,406.0,217.0,124.0,588.0,495.0,395.0,437.0,199.0,355.0,327.0,378.0,464.0,257.0,466.0,286.0,355.0,267.0,370.0,294.0,402.0,414.0,302.0,161.0,402.0,0.0,203.0,316.0,329.0,585.0,360.0,283.0,362.0,510.0,441.0,394.0,515.0,428.0,352.0,83.0,363.0,149.0,271.0,227.0,223.0,428.0,251.0,274.0,360.0,277.0,461.0,234.0,398.0,469.0,530.0,98.0,390.0,541.0,398.0,189.0,336.0,537.0,391.0,284.0,128.0,212.0,420.0,420.0,90.0,173.0,378.0,341.0,484.0,346.0,462.0,542.0,179.0,338.0,185.0,136.0,225.0,273.0,243.0,360.0,178.0,253.0,317.0,239.0,568.0,314.0,135.0,328.0,316.0,284.0,585.0,579.0,405.0,450.0,280.0,319.0,29.0,515.0,431.0,332.0,127.0,398.0,542.0,253.0,310.0,483.0,279.0,245.0,481.0,365.0,304.0,312.0,400.0,250.0,353.0,433.0,325.0,362.0,172.0,192.0,212.0,190.0,432.0,372.0,304.0,267.0,97.0,144.0,374.0,457.0,220.0,352.0,526.0,233.0,413.0,452.0,497.0,353.0,381.0,547.0,476.0,252.0,426.0,273.0,365.0,466.0,83.0,78.0,381.0,422.0,259.0,516.0,506.0,214.0,534.0,385.0,434.0,355.0,470.0,381.0,124.0,355.0,172.0,202.0,336.0,213.0,553.0,426.0,333.0,545.0,220.0,263.0,288.0,325.0,153.0,344.0,289.0,334.0,413.0,395.0,314.0,415.0,22.0,304.0,220.0,477.0,55.0,348.0,517.0,389.0,336.0,82.0,436.0,91.0,217.0,362.0,407.0,239.0,126.0,129.0,286.0,257.0,187.0,283.0,279.0,336.0,429.0,502.0,281.0,157.0,233.0,274.0,249.0,194.0,60.0,232.0,522.0,468.0,537.0,419.0,403.0,353.0,423.0,145.0,205.0,51.0,134.0,317.0,251.0,278.0,468.0,420.0,259.0,247.0,124.0,132.0,216.0,226.0,368.0,265.0,481.0,200.0,469.0,577.0,41.0,200.0,360.0
